           1  1.061515967023317E-003
           3  1.008792641037545E-003
           5  1.205427269318037E-003
           7  1.367015148943496E-003
           9  1.325753321079836E-003
          11  1.472822422319950E-003
          13  1.371354717745548E-003
          15  1.425898313854671E-003
          17  1.369742372819459E-003
          19  1.298834403322289E-003
          21  1.304532742831697E-003
          23  1.250210639916599E-003
          25  1.239904375728681E-003
          27  1.219947826582706E-003
          29  1.180932641791223E-003
          31  1.158119605272759E-003
          33  1.121328867073725E-003
          35  1.101509153787279E-003
          37  1.093951818441265E-003
          39  1.086910701515007E-003
          41  1.073990096681510E-003
          43  1.063696965688559E-003
          45  1.058163130685519E-003
          47  1.046772676161073E-003
          49  1.041347737020155E-003
          51  1.034885404775948E-003
          53  1.022926235837877E-003
          55  1.018178743056768E-003
          57  1.017428127691867E-003
          59  1.011200819796866E-003
          61  1.011290715025285E-003
          63  1.003085725706290E-003
          65  1.003175056793294E-003
          67  1.002340462468700E-003
          69  1.003109305788083E-003
          71  1.005521444642491E-003
          73  1.004468389738986E-003
          75  1.003055052246718E-003
          77  1.004450903314488E-003
          79  1.006695377978472E-003
          81  1.004615329032940E-003
          83  9.969911709262144E-004
          85  9.790979942739461E-004
          87  9.624576472826321E-004
          89  9.487455840127739E-004
          91  9.443269636838096E-004
          93  9.411760864363114E-004
          95  9.319065240140400E-004
          97  9.150864249423282E-004
          99  8.941766355002962E-004
         101  8.749514055446441E-004
         103  8.562888236615771E-004
         105  8.391973117745437E-004
         107  8.179373926083560E-004
         109  8.050518689783816E-004
         111  8.016653989595548E-004
         113  7.990207854543835E-004
         115  7.917929792563808E-004
         117  7.754449168154079E-004
         119  7.563517197212334E-004
         121  7.471607085827880E-004
         123  7.469285205992589E-004
         125  7.458632180416885E-004
         127  7.450013208938520E-004
         129  7.465602924010611E-004
         131  7.391959290783414E-004
         133  7.295565927880724E-004
         135  7.263457954983258E-004
         137  7.195348636943781E-004
         139  7.102212687778662E-004
         141  6.974334250123515E-004
         143  6.854114553393253E-004
         145  6.766728507109773E-004
         147  6.729825862532709E-004
         149  6.693076465617028E-004
         151  6.657262532631369E-004
         153  6.588603706958259E-004
         155  6.515167877011693E-004
         157  6.443518618788795E-004
         159  6.360576999715032E-004
         161  6.288549092841266E-004
         163  6.246070953634413E-004
         165  6.196348217297800E-004
         167  6.113286685569055E-004
         169  6.039740503459382E-004
         171  6.009661966039070E-004
         173  6.001694376002156E-004
         175  5.950209790962422E-004
         177  5.898417486194502E-004
         179  5.842103543186782E-004
         181  5.780852206829789E-004
         183  5.721803986799035E-004
         185  5.670773813674106E-004
         187  5.626258904672588E-004
         189  5.581732768158851E-004
         191  5.515155862191390E-004
         193  5.474833445945482E-004
         195  5.419919036753818E-004
         197  5.350469367370143E-004
         199  5.307882908224643E-004
         201  5.264680072478747E-004
         203  5.211867007963565E-004
         205  5.162103130131690E-004
         207  5.105801051452112E-004
         209  5.060646100756986E-004
         211  5.019013733668652E-004
         213  4.973019867920640E-004
         215  4.919940311655067E-004
         217  4.876529150703968E-004
         219  4.834730696232234E-004
         221  4.790195802070114E-004
         223  4.752721751647685E-004
         225  4.717427214567427E-004
         227  4.688638820888207E-004
         229  4.662269088948627E-004
         231  4.622779488135829E-004
         233  4.578235735057579E-004
         235  4.533746278470907E-004
         237  4.480986067205673E-004
         239  4.440752619105751E-004
         241  4.408220782037181E-004
         243  4.379224127309741E-004
         245  4.357937263960503E-004
         247  4.332725824524555E-004
         249  4.313730363390685E-004
         251  4.304012254109536E-004
         253  4.292277915687384E-004
         255  4.288226822138196E-004
         257  4.280781163168475E-004
         259  4.269338757755308E-004
         261  4.256284303406300E-004
         263  4.242622541735401E-004
         265  4.236214229808929E-004
         267  4.224591659709269E-004
         269  4.214405610327558E-004
         271  4.207874809528508E-004
         273  4.195166776315965E-004
         275  4.182282057431056E-004
         277  4.163121392195081E-004
         279  4.133892910368483E-004
         281  4.106942334070907E-004
         283  4.086949116180330E-004
         285  4.070693766142702E-004
         287  4.056993130880615E-004
         289  4.046777247694642E-004
         291  4.045835754610896E-004
         293  4.041555156765517E-004
         295  4.038004966533918E-004
         297  4.033312978929666E-004
         299  4.020176759423535E-004
         301  4.007077156262878E-004
         303  3.994301166119505E-004
         305  3.982634073551533E-004
         307  3.962671203111509E-004
         309  3.941467287943226E-004
         311  3.919672919880999E-004
         313  3.892104039843892E-004
         315  3.855466698775587E-004
         317  3.824746588297964E-004
         319  3.794274908763195E-004
         321  3.770109639652949E-004
         323  3.748716544255703E-004
         325  3.729404985565127E-004
         327  3.712282711523799E-004
         329  3.694686569452559E-004
         331  3.676316156157558E-004
         333  3.648876558592288E-004
         335  3.617613487360339E-004
         337  3.585427696357839E-004
         339  3.559132757834640E-004
         341  3.524234155868801E-004
         343  3.478483260388868E-004
         345  3.434873352373175E-004
         347  3.401738497351629E-004
         349  3.367355702315237E-004
         351  3.331228360010260E-004
         353  3.292398293884712E-004
         355  3.258021586675081E-004
         357  3.225821055764477E-004
         359  3.192509549954132E-004
         361  3.163853439551698E-004
         363  3.137766766141821E-004
         365  3.105405076234071E-004
         367  3.071303183805424E-004
         369  3.030528580181406E-004
         371  2.995463073845693E-004
         373  2.958138426005971E-004
         375  2.913181073147999E-004
         377  2.866956102468053E-004
         379  2.823448582940560E-004
         381  2.782808954124287E-004
         383  2.738990357490724E-004
         385  2.691135516749878E-004
         387  2.643309450303719E-004
         389  2.602838773536286E-004
         391  2.563951390514204E-004
         393  2.528495139138581E-004
         395  2.504724444497660E-004
         397  2.498032602410299E-004
         399  2.501180887993791E-004
         401  2.508997531774658E-004
         403  2.514003231502935E-004
         405  2.521099327622069E-004
         407  2.529462993939412E-004
         409  2.533409541826270E-004
         411  2.533731946685020E-004
         413  2.536621862570010E-004
         415  2.541342282437074E-004
         417  2.554531426415607E-004
         419  2.572069148719790E-004
         421  2.590137508248977E-004
         423  2.607419966745002E-004
         425  2.619583201428509E-004
         427  2.626521419333477E-004
         429  2.630848090287493E-004
         431  2.637280787628074E-004
         433  2.643190046916346E-004
         435  2.651488447104704E-004
         437  2.658931028721561E-004
         439  2.663454194324944E-004
         441  2.666040509974972E-004
         443  2.666439042680344E-004
         445  2.656016646095424E-004
         447  2.647460899021652E-004
         449  2.635533284838649E-004
         451  2.619619159474857E-004
         453  2.595883406691263E-004
         455  2.563899468899866E-004
         457  2.521762042497808E-004
         459  2.469806915823716E-004
         461  2.405972771219374E-004
         463  2.343042221683898E-004
         465  2.314178883459375E-004
         467  2.307649210782459E-004
         469  2.325863885426003E-004
         471  2.355544946654346E-004
         473  2.386593663660831E-004
         475  2.419101299746727E-004
         477  2.456556364278615E-004
         479  2.499555868675479E-004
         481  2.544619738784913E-004
         483  2.584898191868869E-004
         485  2.621135941392695E-004
         487  2.654430046294340E-004
         489  2.682266660255692E-004
         491  2.707365801181860E-004
         493  2.730779100180756E-004
         495  2.745736567867245E-004
         497  2.753043128846166E-004
         499  2.751541321548998E-004
         501  2.739561249515968E-004
         503  2.715376687630336E-004
         505  2.678878197444383E-004
         507  2.633048937037969E-004
         509  2.579092247583578E-004
         511  2.514325326178956E-004
         513  2.436775999150819E-004
         515  2.351217958499438E-004
         517  2.260277111142144E-004
         519  2.168187384216995E-004
         521  2.082338924914947E-004
         523  2.011234611221268E-004
         525  1.955329456257686E-004
         527  1.917797280128045E-004
         529  1.896340855945186E-004
         531  1.884417511309468E-004
         533  1.884715255638765E-004
         535  1.902162692137034E-004
         537  1.929128522458932E-004
         539  1.957831294405645E-004
         541  1.984474565323162E-004
         543  2.006460894493612E-004
         545  2.020480086062851E-004
         547  2.027335893242471E-004
         549  2.028326448824939E-004
         551  2.023981100046676E-004
         553  2.012153755861841E-004
         555  1.991715796523861E-004
         557  1.962931110043625E-004
         559  1.925700351553380E-004
         561  1.880961181057748E-004
         563  1.830901380805881E-004
         565  1.775810745366081E-004
         567  1.717550163582066E-004
         569  1.666882946044938E-004
         571  1.627654270586597E-004
         573  1.600447474937225E-004
         575  1.584082173023934E-004
         577  1.573715127798281E-004
         579  1.572058596791799E-004
         581  1.576155646404803E-004
         583  1.579739606041840E-004
         585  1.586831594540802E-004
         587  1.599913608567086E-004
         589  1.614921597997012E-004
         591  1.630838891472639E-004
         593  1.648490183975433E-004
         595  1.663945094479946E-004
         597  1.674293077892711E-004
         599  1.680123228427437E-004
         601  1.684021684221000E-004
         603  1.683944310759290E-004
         605  1.680810723989027E-004
         607  1.676349503457818E-004
         609  1.669830250596475E-004
         611  1.659407017027761E-004
         613  1.645143310080998E-004
         615  1.629435674008150E-004
         617  1.613108706824256E-004
         619  1.593015669428867E-004
         621  1.570688106391267E-004
         623  1.544452394497216E-004
         625  1.516704322114893E-004
         627  1.488019127728372E-004
         629  1.464256680922808E-004
         631  1.446982001256156E-004
         633  1.437630298652101E-004
         635  1.436311484965483E-004
         637  1.440829210871535E-004
         639  1.453020595518989E-004
         641  1.468318033295678E-004
         643  1.485528579138484E-004
         645  1.506192350260037E-004
         647  1.529994721466752E-004
         649  1.555262662328441E-004
         651  1.583300405223763E-004
         653  1.614321911480847E-004
         655  1.647492231814174E-004
         657  1.682316636585600E-004
         659  1.714902618924424E-004
         661  1.744494830342744E-004
         663  1.772039202499086E-004
         665  1.798595209316423E-004
         667  1.823530949890712E-004
         669  1.848990198712044E-004
         671  1.873316242579373E-004
         673  1.894718616726640E-004
         675  1.911913133386359E-004
         677  1.925018123170777E-004
         679  1.935758892728933E-004
         681  1.942852008094182E-004
         683  1.946092671968951E-004
         685  1.947889287183790E-004
         687  1.948972568698310E-004
         689  1.946860625164562E-004
         691  1.941670856377574E-004
         693  1.932828091388190E-004
         695  1.920115303314032E-004
         697  1.904155772286379E-004
         699  1.887891004291685E-004
         701  1.870784635280983E-004
         703  1.851841695311066E-004
         705  1.830368951276648E-004
         707  1.806563593878240E-004
         709  1.781766722101495E-004
         711  1.755592041210520E-004
         713  1.727677699501219E-004
         715  1.698300896580929E-004
         717  1.667422354146967E-004
         719  1.636478055186991E-004
         721  1.605048099520899E-004
         723  1.572456736530281E-004
         725  1.540527565629943E-004
         727  1.507483813023061E-004
         729  1.475558387340340E-004
         731  1.443447970518286E-004
         733  1.412573650938820E-004
         735  1.381073994430614E-004
         737  1.349071660526635E-004
         739  1.317737857656881E-004
         741  1.287665154581482E-004
         743  1.259495988895552E-004
         745  1.234475572289878E-004
         747  1.211270890591603E-004
         749  1.188895875539664E-004
         751  1.169296652120034E-004
         753  1.151717393277500E-004
         755  1.135950494938041E-004
         757  1.122328534175663E-004
         759  1.111109930916018E-004
         761  1.101126565524263E-004
         763  1.093341923648790E-004
         765  1.086140144029617E-004
         767  1.082796614057459E-004
         769  1.081865027352303E-004
         771  1.082453663808018E-004
         773  1.081383646899558E-004
         775  1.079463246298077E-004
         777  1.076263390622639E-004
         779  1.072184993147771E-004
         781  1.067167849320831E-004
         783  1.061221522585227E-004
         785  1.054978575307314E-004
         787  1.047680724926838E-004
         789  1.037951941645402E-004
         791  1.027475590940723E-004
         793  1.017207924768560E-004
         795  1.007671117850424E-004
         797  1.000329747663032E-004
         799  9.935650574119457E-005
         801  9.860468196488855E-005
         803  9.801577342110605E-005
         805  9.753234258882528E-005
         807  9.714705517079257E-005
         809  9.681266576811603E-005
         811  9.674425841850751E-005
         813  9.712506170728371E-005
         815  9.767660114361068E-005
         817  9.833865861697951E-005
         819  9.906295548730232E-005
         821  9.974220062337666E-005
         823  1.003667008069352E-004
         825  1.008786274166871E-004
         827  1.013461747644726E-004
         829  1.017824840058932E-004
         831  1.020715520520730E-004
         833  1.022913782836244E-004
         835  1.026019462393421E-004
         837  1.028095845789682E-004
         839  1.029834505768312E-004
         841  1.030310737203372E-004
         843  1.030588019815393E-004
         845  1.029693107759800E-004
         847  1.026174868053328E-004
         849  1.021863257524630E-004
         851  1.016686708989042E-004
         853  1.011606428906969E-004
         855  1.006092249668832E-004
         857  1.001385729381716E-004
         859  9.958361054793110E-005
         861  9.903308496791993E-005
         863  9.837009880885767E-005
         865  9.764195346006411E-005
         867  9.688197526781216E-005
         869  9.618882376590394E-005
         871  9.565908139543084E-005
         873  9.522369048803438E-005
         875  9.501888445466684E-005
         877  9.523967898380560E-005
         879  9.567874648834247E-005
         881  9.614386032264619E-005
         883  9.655575954710756E-005
         885  9.689943689373786E-005
         887  9.724778511020997E-005
         889  9.765916294475381E-005
         891  9.804480541080040E-005
         893  9.835628467003039E-005
         895  9.859396221864375E-005
         897  9.874857908647605E-005
         899  9.900763055686926E-005
         901  9.943544625015051E-005
         903  1.000178129082893E-004
         905  1.008678694260632E-004
         907  1.017524911489355E-004
         909  1.027510305446641E-004
         911  1.037355344688530E-004
         913  1.046038621705220E-004
         915  1.053364908178414E-004
         917  1.059429735741118E-004
         919  1.065319228531780E-004
         921  1.070562540395620E-004
         923  1.074246385094447E-004
         925  1.077403815066787E-004
         927  1.079571307849080E-004
         929  1.079088414472400E-004
         931  1.076497987243666E-004
         933  1.072072955871188E-004
         935  1.066671652318556E-004
         937  1.059500997012305E-004
         939  1.050789169702654E-004
         941  1.040458708836341E-004
         943  1.028974173658293E-004
         945  1.017048337814888E-004
         947  1.004390720633494E-004
         949  9.950237755758101E-005
         951  9.897160760939797E-005
         953  9.890447417951321E-005
         955  9.911254406173903E-005
         957  9.919939157496426E-005
         959  9.959542681359195E-005
         961  1.003038380676177E-004
         963  1.011369119458427E-004
         965  1.024152799742679E-004
         967  1.040015174029718E-004
         969  1.058827702630012E-004
         971  1.080058544368877E-004
         973  1.099672058086706E-004
         975  1.116678028445633E-004
         977  1.133463302327918E-004
         979  1.151753632522232E-004
         981  1.168235235485020E-004
         983  1.181903112339469E-004
         985  1.191183506243006E-004
         987  1.198023636955047E-004
         989  1.200794393326040E-004
         991  1.201881977276950E-004
         993  1.201576901390633E-004
         995  1.199119808697245E-004
         997  1.195755659641950E-004
         999  1.190900546475870E-004
        1001  1.183684948162410E-004
        1003  1.174366888288185E-004
        1005  1.162506561000499E-004
        1007  1.150474557460689E-004
        1009  1.139498986812415E-004
        1011  1.131261483116181E-004
        1013  1.124720641554559E-004
        1015  1.122492936087904E-004
        1017  1.120204168662559E-004
        1019  1.115394170670529E-004
        1021  1.111422247656377E-004
        1023  1.106358483682381E-004
        1025  1.101131139331330E-004
        1027  1.096515695658792E-004
        1029  1.091073543460584E-004
        1031  1.086811383866123E-004
        1033  1.081813680328482E-004
        1035  1.076959560475392E-004
        1037  1.072475659081680E-004
        1039  1.067772055234954E-004
        1041  1.061677286413435E-004
        1043  1.056326531951920E-004
        1045  1.051417277626870E-004
        1047  1.048828869386689E-004
        1049  1.048795195750124E-004
        1051  1.052183036139870E-004
        1053  1.057933909541309E-004
        1055  1.063521891049100E-004
        1057  1.069242170683765E-004
        1059  1.074610219238777E-004
        1061  1.079750727906563E-004
        1063  1.087295944734291E-004
        1065  1.096138748088755E-004
        1067  1.105912028979239E-004
        1069  1.116490263049661E-004
        1071  1.126336850238798E-004
        1073  1.136447959150438E-004
        1075  1.145350815766805E-004
        1077  1.153075777722610E-004
        1079  1.160442448128127E-004
        1081  1.165992904432017E-004
        1083  1.170430844722855E-004
        1085  1.172859866017610E-004
        1087  1.173108983952482E-004
        1089  1.170289328545586E-004
        1091  1.165428340929321E-004
        1093  1.161313249616383E-004
        1095  1.157571843887749E-004
        1097  1.154981160511581E-004
        1099  1.153504624691547E-004
        1101  1.150547015552391E-004
        1103  1.147348419419442E-004
        1105  1.144540935035597E-004
        1107  1.140454790223115E-004
        1109  1.134564907534189E-004
        1111  1.127158165147962E-004
        1113  1.117932468161024E-004
        1115  1.107382858124538E-004
        1117  1.096356029525569E-004
        1119  1.084501994230925E-004
        1121  1.071732092441131E-004
        1123  1.058380628485256E-004
        1125  1.045057352121138E-004
        1127  1.032170206022461E-004
        1129  1.019527990542628E-004
        1131  1.006936656103199E-004
        1133  9.948936362552450E-005
        1135  9.834508912525159E-005
        1137  9.725194722848670E-005
        1139  9.611113169480414E-005
        1141  9.495387020194964E-005
        1143  9.375445294801953E-005
        1145  9.247629228638650E-005
        1147  9.111309136919196E-005
        1149  8.968867999176355E-005
        1151  8.810667771041219E-005
        1153  8.639478192963028E-005
        1155  8.459877987715154E-005
        1157  8.280869536736670E-005
        1159  8.106828837211455E-005
        1161  7.937237256708269E-005
        1163  7.779409239509024E-005
        1165  7.629352158990318E-005
        1167  7.486772498769645E-005
        1169  7.364133527583124E-005
        1171  7.270252423072400E-005
        1173  7.202166401167164E-005
        1175  7.162738864378309E-005
        1177  7.129736293202777E-005
        1179  7.100961335013211E-005
        1181  7.081493552074246E-005
        1183  7.089215027836664E-005
        1185  7.126429418199195E-005
        1187  7.164987928239812E-005
        1189  7.194550342792628E-005
        1191  7.215182061338429E-005
        1193  7.227364027414313E-005
        1195  7.229355620239096E-005
        1197  7.219823042504180E-005
        1199  7.204839278825441E-005
        1201  7.192401677453444E-005
        1203  7.174369018735798E-005
        1205  7.153530401414658E-005
        1207  7.127432270624338E-005
        1209  7.096105188399614E-005
        1211  7.059291585974227E-005
        1213  7.027186762254190E-005
        1215  7.000667972276467E-005
        1217  6.981187603766897E-005
        1219  6.968190378902505E-005
        1221  6.957080328326128E-005
        1223  6.946152708646873E-005
        1225  6.938702117127174E-005
        1227  6.935388531976984E-005
        1229  6.937365523610093E-005
        1231  6.942366523296629E-005
        1233  6.946673025101568E-005
        1235  6.950035571377259E-005
        1237  6.959849301109451E-005
        1239  6.968502422643571E-005
        1241  6.970665103224504E-005
        1243  6.965420462995451E-005
        1245  6.957773549520829E-005
        1247  6.943620287165774E-005
        1249  6.931303268303161E-005
        1251  6.923735900752648E-005
        1253  6.917524137805464E-005
        1255  6.923698605936807E-005
        1257  6.934702547609668E-005
        1259  6.943803885094534E-005
        1261  6.954491400030839E-005
        1263  6.962811740776104E-005
        1265  6.964755849581232E-005
        1267  6.961669442228463E-005
        1269  6.951276919446146E-005
        1271  6.937692417707771E-005
        1273  6.927466763231821E-005
        1275  6.915260076964156E-005
        1277  6.902668270435682E-005
        1279  6.888279368171855E-005
        1281  6.871113148549328E-005
        1283  6.851622441165532E-005
        1285  6.833652237233330E-005
        1287  6.812268645990934E-005
        1289  6.788285366072028E-005
        1291  6.760045105927346E-005
        1293  6.729570298000408E-005
        1295  6.695445763145650E-005
        1297  6.655731074871495E-005
        1299  6.611308588281049E-005
        1301  6.562498538912282E-005
        1303  6.511755934495971E-005
        1305  6.461861646411540E-005
        1307  6.418075735840414E-005
        1309  6.379250695211091E-005
        1311  6.344617467490720E-005
        1313  6.312661066934597E-005
        1315  6.288424030253932E-005
        1317  6.269382764326325E-005
        1319  6.260314796064461E-005
        1321  6.263906123680642E-005
        1323  6.276092489306248E-005
        1325  6.293673981083172E-005
        1327  6.316314777288043E-005
        1329  6.347066030161734E-005
        1331  6.382402257941096E-005
        1333  6.419879241166357E-005
        1335  6.460455244325770E-005
        1337  6.502752412425548E-005
        1339  6.548726882898673E-005
        1341  6.590847320968180E-005
        1343  6.631330882489646E-005
        1345  6.672080183753255E-005
        1347  6.710680664733099E-005
        1349  6.746843661875309E-005
        1351  6.772925849387438E-005
        1353  6.796243216141631E-005
        1355  6.814996720537318E-005
        1357  6.830930529537398E-005
        1359  6.845233936577711E-005
        1361  6.858792891026528E-005
        1363  6.869820289853323E-005
        1365  6.872240386549906E-005
        1367  6.873278897125305E-005
        1369  6.867699255746103E-005
        1371  6.856664552728419E-005
        1373  6.841969480814821E-005
        1375  6.818131343942295E-005
        1377  6.786215601123505E-005
        1379  6.751657599448119E-005
        1381  6.709658120501300E-005
        1383  6.668191204295278E-005
        1385  6.624039435367260E-005
        1387  6.581406871371117E-005
        1389  6.537474601418587E-005
        1391  6.492212190474132E-005
        1393  6.447354316951181E-005
        1395  6.402229472880141E-005
        1397  6.360633368933634E-005
        1399  6.317568413032814E-005
        1401  6.274058674551750E-005
        1403  6.235026370163739E-005
        1405  6.189484196630752E-005
        1407  6.153936019196448E-005
        1409  6.121717411943571E-005
        1411  6.096319634752348E-005
        1413  6.077543267291208E-005
        1415  6.061867025758402E-005
        1417  6.051214481209738E-005
        1419  6.044015346178475E-005
        1421  6.045097377489793E-005
        1423  6.059634964946454E-005
        1425  6.079718119384064E-005
        1427  6.101010821676473E-005
        1429  6.117685709118731E-005
        1431  6.137581169132410E-005
        1433  6.158752264092235E-005
        1435  6.180239310335921E-005
        1437  6.200199508571986E-005
        1439  6.216152188848347E-005
        1441  6.229988490776459E-005
        1443  6.242988591014721E-005
        1445  6.251081464031390E-005
        1447  6.253743384611764E-005
        1449  6.251953674444751E-005
        1451  6.248424272570613E-005
        1453  6.240913586773504E-005
        1455  6.233325190220218E-005
        1457  6.221518778856366E-005
        1459  6.207366611350931E-005
        1461  6.194925646906385E-005
        1463  6.188876358371672E-005
        1465  6.188439710736214E-005
        1467  6.190466794349795E-005
        1469  6.186496032489715E-005
        1471  6.179604872333865E-005
        1473  6.166856139437494E-005
        1475  6.147152369805302E-005
        1477  6.127963115166684E-005
        1479  6.109267571933872E-005
        1481  6.096160913302546E-005
        1483  6.084817848488797E-005
        1485  6.071838012636339E-005
        1487  6.056736674831374E-005
        1489  6.040312586896050E-005
        1491  6.020816449811094E-005
        1493  5.996450492179181E-005
        1495  5.966955904711854E-005
        1497  5.941023718799671E-005
        1499  5.910839340302133E-005
        1501  5.878562210548940E-005
        1503  5.847087379577206E-005
        1505  5.815045361952808E-005
        1507  5.779250524824264E-005
        1509  5.739889609728463E-005
        1511  5.696203972534681E-005
        1513  5.651530658991272E-005
        1515  5.605685765508184E-005
        1517  5.554505241904968E-005
        1519  5.501294329900483E-005
        1521  5.446166515722527E-005
        1523  5.388802894891849E-005
        1525  5.328904475044589E-005
        1527  5.264505475251367E-005
        1529  5.196198543948695E-005
        1531  5.118535561333433E-005
        1533  5.046077549593100E-005
        1535  4.973687287042497E-005
        1537  4.899177914358603E-005
        1539  4.825355296452034E-005
        1541  4.754899978134745E-005
        1543  4.688576653263835E-005
        1545  4.627662383418438E-005
        1547  4.565709778948180E-005
        1549  4.504543294505818E-005
        1551  4.445721595548152E-005
        1553  4.392250971437851E-005
        1555  4.345097334271971E-005
        1557  4.305215466567498E-005
        1559  4.271490816359959E-005
        1561  4.245205130409070E-005
        1563  4.225021732334709E-005
        1565  4.210292081627421E-005
        1567  4.197727734928934E-005
        1569  4.185299122793298E-005
        1571  4.175720685145091E-005
        1573  4.170453392421347E-005
        1575  4.167824064352621E-005
        1577  4.170852156687849E-005
        1579  4.176415886797963E-005
        1581  4.178467662752107E-005
        1583  4.178460276508605E-005
        1585  4.175490178697983E-005
        1587  4.172378059842355E-005
        1589  4.164784254335745E-005
        1591  4.154213662600907E-005
        1593  4.139894084860044E-005
        1595  4.123864539452594E-005
        1597  4.108199700128612E-005
        1599  4.092629416978165E-005
        1601  4.076665513193516E-005
        1603  4.058848525379130E-005
        1605  4.043736566007196E-005
        1607  4.030531953827178E-005
        1609  4.019565730236019E-005
        1611  4.011539089581256E-005
        1613  4.005511120034848E-005
        1615  4.002708398025251E-005
        1617  3.998066315908004E-005
        1619  3.992941526536511E-005
        1621  3.987559956728985E-005
        1623  3.980281940747846E-005
        1625  3.970021827819978E-005
        1627  3.957124355358782E-005
        1629  3.942012184977052E-005
        1631  3.924159723050974E-005
        1633  3.904178843365832E-005
        1635  3.884496157220105E-005
        1637  3.862935090014829E-005
        1639  3.839911607270229E-005
        1641  3.817470316387050E-005
        1643  3.795794654903099E-005
        1645  3.774809420862558E-005
        1647  3.756047849289423E-005
        1649  3.738179370325883E-005
        1651  3.721574338426697E-005
        1653  3.704753121258583E-005
        1655  3.691428958582080E-005
        1657  3.681886609363749E-005
        1659  3.674224936341183E-005
        1661  3.669586216026132E-005
        1663  3.670602841664798E-005
        1665  3.674470564799915E-005
        1667  3.678706826397376E-005
        1669  3.681218264925664E-005
        1671  3.681097396639985E-005
        1673  3.677861107046615E-005
        1675  3.670029463622824E-005
        1677  3.657468397711154E-005
        1679  3.641858270810485E-005
        1681  3.623575457413182E-005
        1683  3.601041812361869E-005
        1685  3.573488940586202E-005
        1687  3.542825188664535E-005
        1689  3.511201096677397E-005
        1691  3.479717042214146E-005
        1693  3.448516958110681E-005
        1695  3.421943004013082E-005
        1697  3.399324772614134E-005
        1699  3.379660441884655E-005
        1701  3.363350238884813E-005
        1703  3.351159690493071E-005
        1705  3.357158200088933E-005
        1707  3.373237133397379E-005
        1709  3.394186129917319E-005
        1711  3.413920432898942E-005
        1713  3.430308976251403E-005
        1715  3.449178821092882E-005
        1717  3.469915714762804E-005
        1719  3.503317388854920E-005
        1721  3.537031847413625E-005
        1723  3.565868163407362E-005
        1725  3.593599989732451E-005
        1727  3.617307707119686E-005
        1729  3.640513088206968E-005
        1731  3.668038784523008E-005
        1733  3.696003844007143E-005
        1735  3.719732619745951E-005
        1737  3.735323766289580E-005
        1739  3.747830762523264E-005
        1741  3.759133308866954E-005
        1743  3.772238063811903E-005
        1745  3.788786648718539E-005
        1747  3.802085295186835E-005
        1749  3.813247683381541E-005
        1751  3.823022396695559E-005
        1753  3.821685925210261E-005
        1755  3.812917818565727E-005
        1757  3.806571687967719E-005
        1759  3.799953296043344E-005
        1761  3.798607119589225E-005
        1763  3.798967331617429E-005
        1765  3.796660064596230E-005
        1767  3.787316596345736E-005
        1769  3.771947740156036E-005
        1771  3.754852996383132E-005
        1773  3.740271790123333E-005
        1775  3.739405145952900E-005
        1777  3.741342740478111E-005
        1779  3.746708790942473E-005
        1781  3.750462072542338E-005
        1783  3.748068857471197E-005
        1785  3.742326017070452E-005
        1787  3.732365288329678E-005
        1789  3.721222353729462E-005
        1791  3.713606720466698E-005
        1793  3.713518891698232E-005
        1795  3.708258974152332E-005
        1797  3.696324134620582E-005
        1799  3.684958583233368E-005
        1801  3.669015942575747E-005
        1803  3.654869247073707E-005
        1805  3.636557634511495E-005
        1807  3.626922747974182E-005
        1809  3.625794062121612E-005
        1811  3.629036729515169E-005
        1813  3.629273065999526E-005
        1815  3.626792102464708E-005
        1817  3.623040185667872E-005
        1819  3.614507594602594E-005
        1821  3.603952742026778E-005
        1823  3.596375707826512E-005
        1825  3.602375795037297E-005
        1827  3.605825476540595E-005
        1829  3.604770656377930E-005
        1831  3.600158768001394E-005
        1833  3.592602828463513E-005
        1835  3.579961747809209E-005
        1837  3.567788658066217E-005
        1839  3.569555782872208E-005
        1841  3.575265743574507E-005
        1843  3.587942251925191E-005
        1845  3.596695042821784E-005
        1847  3.601683266655205E-005
        1849  3.606335649428145E-005
        1851  3.607212348157888E-005
        1853  3.604556617387716E-005
        1855  3.599460869428330E-005
        1857  3.593183179677620E-005
        1859  3.596855396110158E-005
        1861  3.597475174831263E-005
        1863  3.592014639153858E-005
        1865  3.583376334775103E-005
        1867  3.569678940063960E-005
        1869  3.554535789730221E-005
        1871  3.533280181660768E-005
        1873  3.510225240253289E-005
        1875  3.489435094199487E-005
        1877  3.473776771211518E-005
        1879  3.455242505476300E-005
        1881  3.430000047775937E-005
        1883  3.400570047037757E-005
        1885  3.367667423793037E-005
        1887  3.330955548124649E-005
        1889  3.296631938439265E-005
        1891  3.262980801868541E-005
        1893  3.232319154559162E-005
        1895  3.210504307301317E-005
        1897  3.186589815856102E-005
        1899  3.160375729307900E-005
        1901  3.132440644520120E-005
        1903  3.101238179914496E-005
        1905  3.068221180584308E-005
        1907  3.034062261194747E-005
        1909  2.998591084023491E-005
        1911  2.967034531269495E-005
        1913  2.940912755975124E-005
        1915  2.916442705274366E-005
        1917  2.891597448427946E-005
        1919  2.865716957248005E-005
        1921  2.838983910322916E-005
        1923  2.813218574415669E-005
        1925  2.791250190714397E-005
        1927  2.769462765505230E-005
        1929  2.750967295802044E-005
        1931  2.734329513196627E-005
        1933  2.722788477989365E-005
        1935  2.714939786485480E-005
        1937  2.704557529075495E-005
        1939  2.694580678868980E-005
        1941  2.681637175237629E-005
        1943  2.666328068678449E-005
        1945  2.650393082450447E-005
        1947  2.631393987407558E-005
        1949  2.610972227373607E-005
        1951  2.590378377569089E-005
        1953  2.570114232680112E-005
        1955  2.554132863141972E-005
        1957  2.541100962154115E-005
        1959  2.525863707482196E-005
        1961  2.509899498485328E-005
        1963  2.491999605949528E-005
        1965  2.472899417918028E-005
        1967  2.452779129147474E-005
        1969  2.429701910710442E-005
        1971  2.403156567562079E-005
        1973  2.378543430539245E-005
        1975  2.360102237919415E-005
        1977  2.345222295473355E-005
        1979  2.330037754824007E-005
        1981  2.314958974222336E-005
        1983  2.297869917872600E-005
        1985  2.279338822761251E-005
        1987  2.260839650349469E-005
        1989  2.244184444437686E-005
        1991  2.225704832436028E-005
        1993  2.209672557381747E-005
        1995  2.196912797589634E-005
        1997  2.186733182077920E-005
        1999  2.180209519148707E-005
        2001  2.172829501710420E-005
        2003  2.164963349815960E-005
        2005  2.155589252226549E-005
        2007  2.146698067881637E-005
        2009  2.137479929320330E-005
        2011  2.128140538046177E-005
        2013  2.122919929755163E-005
        2015  2.121039592612919E-005
        2017  2.123550670907144E-005
        2019  2.127213537685793E-005
        2021  2.130848919166796E-005
        2023  2.133745278246420E-005
        2025  2.138613445937811E-005
        2027  2.145737523161703E-005
        2029  2.152200035092899E-005
        2031  2.157495337581935E-005
        2033  2.160324787516356E-005
        2035  2.161763217843928E-005
        2037  2.166221997923967E-005
        2039  2.170426211582604E-005
        2041  2.174936567722087E-005
        2043  2.180159041344183E-005
        2045  2.183625671657718E-005
        2047  2.184225550359645E-005
        2049  2.182079430547253E-005
        2051  2.177693645648325E-005
        2053  2.172573619886182E-005
        2055  2.163764228417087E-005
        2057  2.152687453609433E-005
        2059  2.140890337117913E-005
        2061  2.126667343632274E-005
        2063  2.110363467152763E-005
        2065  2.091301894420977E-005
        2067  2.072214894729328E-005
        2069  2.051500204575785E-005
        2071  2.028320153285081E-005
        2073  2.001522600092540E-005
        2075  1.974444819358312E-005
        2077  1.945855088893766E-005
        2079  1.915347887690393E-005
        2081  1.882564479908432E-005
        2083  1.848917616206292E-005
        2085  1.815296597881711E-005
        2087  1.782267695763212E-005
        2089  1.751234748735286E-005
        2091  1.728740651040594E-005
        2093  1.711453012520312E-005
        2095  1.698221469149306E-005
        2097  1.688347807045845E-005
        2099  1.682006633200801E-005
        2101  1.678995536305459E-005
        2103  1.679426207189851E-005
        2105  1.682288241961724E-005
        2107  1.685894900325372E-005
        2109  1.689463297245391E-005
        2111  1.693843946141265E-005
        2113  1.699948569223403E-005
        2115  1.706381520385549E-005
        2117  1.713500710567255E-005
        2119  1.720183426724754E-005
        2121  1.727273371782556E-005
        2123  1.734586456294725E-005
        2125  1.741712162855858E-005
        2127  1.746956103213819E-005
        2129  1.749809195583230E-005
        2131  1.751396353325576E-005
        2133  1.751574579772303E-005
        2135  1.749811754268989E-005
        2137  1.746418239570273E-005
        2139  1.740835850295932E-005
        2141  1.732730945699668E-005
        2143  1.721960366144079E-005
        2145  1.708426869867993E-005
        2147  1.692940686729192E-005
        2149  1.675850729773520E-005
        2151  1.657597413607358E-005
        2153  1.639298231512054E-005
        2155  1.620738292257060E-005
        2157  1.601689133310624E-005
        2159  1.582966640101776E-005
        2161  1.565811379468343E-005
        2163  1.550377755002305E-005
        2165  1.535780234626331E-005
        2167  1.521599513967461E-005
        2169  1.508195617072045E-005
        2171  1.494521306881576E-005
        2173  1.480536342800611E-005
        2175  1.466432510322040E-005
        2177  1.451229488632547E-005
        2179  1.435516146321755E-005
        2181  1.419810181666841E-005
        2183  1.404732173293396E-005
        2185  1.390680950090573E-005
        2187  1.378625555640298E-005
        2189  1.368792944878227E-005
        2191  1.360488213240462E-005
        2193  1.353101737716521E-005
        2195  1.348562915767919E-005
        2197  1.346594515320776E-005
        2199  1.345520236919480E-005
        2201  1.346120054286794E-005
        2203  1.347838478455009E-005
        2205  1.350338135965166E-005
        2207  1.352961395912814E-005
        2209  1.355079578931525E-005
        2211  1.357611219824445E-005
        2213  1.360685290989952E-005
        2215  1.363226311881530E-005
        2217  1.364761955957853E-005
        2219  1.365747064222126E-005
        2221  1.366549067256283E-005
        2223  1.366568348823208E-005
        2225  1.365717472014991E-005
        2227  1.363634272727324E-005
        2229  1.360709799667000E-005
        2231  1.356709472578465E-005
        2233  1.352059132424108E-005
        2235  1.346545077062747E-005
        2237  1.340574133043238E-005
        2239  1.334911225302872E-005
        2241  1.330121601193023E-005
        2243  1.325479363196815E-005
        2245  1.321249516008310E-005
        2247  1.316866876239028E-005
        2249  1.312177934734823E-005
        2251  1.307387378484029E-005
        2253  1.303374472060316E-005
        2255  1.300023368113308E-005
        2257  1.296446368742109E-005
        2259  1.292752949546090E-005
        2261  1.289032881304262E-005
        2263  1.285717275533382E-005
        2265  1.282711581548841E-005
        2267  1.280262470250074E-005
        2269  1.280423418610231E-005
        2271  1.281799152264346E-005
        2273  1.283370187547225E-005
        2275  1.284584204895533E-005
        2277  1.285286755337965E-005
        2279  1.285217087949632E-005
        2281  1.284460716635169E-005
        2283  1.283000989126997E-005
        2285  1.280395646608236E-005
        2287  1.276635877853026E-005
        2289  1.271849149928672E-005
        2291  1.265595384544383E-005
        2293  1.257809673741170E-005
        2295  1.249023304838295E-005
        2297  1.239474460556179E-005
        2299  1.228662687224163E-005
        2301  1.216598994819873E-005
        2303  1.203130166860939E-005
        2305  1.188590431659980E-005
        2307  1.173092989529795E-005
        2309  1.156680581733520E-005
        2311  1.140021866456115E-005
        2313  1.123380198561921E-005
        2315  1.106700467751696E-005
        2317  1.090024477458172E-005
        2319  1.074034846354972E-005
        2321  1.058876307241731E-005
        2323  1.044560604354245E-005
        2325  1.031268267145689E-005
        2327  1.019099039881695E-005
        2329  1.007969383427534E-005
        2331  9.975117659072813E-006
        2333  9.880219882708190E-006
        2335  9.797685003259954E-006
        2337  9.727165241582805E-006
        2339  9.668679342746890E-006
        2341  9.626860753946694E-006
        2343  9.595011048350557E-006
        2345  9.585505455700404E-006
        2347  9.590955752934125E-006
        2349  9.605693536548527E-006
        2351  9.621080014022987E-006
        2353  9.638253300685429E-006
        2355  9.657021980507044E-006
        2357  9.671365213605812E-006
        2359  9.680058482791706E-006
        2361  9.683872039169322E-006
        2363  9.681899837159738E-006
        2365  9.675696106667693E-006
        2367  9.662220843199400E-006
        2369  9.643121288218307E-006
        2371  9.622277450586747E-006
        2373  9.600708975896806E-006
        2375  9.577735763945755E-006
        2377  9.555447140923411E-006
        2379  9.535001268153528E-006
        2381  9.517015006311512E-006
        2383  9.497744359734731E-006
        2385  9.484419926718777E-006
        2387  9.474451452977635E-006
        2389  9.466398100166760E-006
        2391  9.461821839566983E-006
        2393  9.460255661408210E-006
        2395  9.462760612794220E-006
        2397  9.470248532571477E-006
        2399  9.481049776663646E-006
        2401  9.497091898585540E-006
        2403  9.516377505463009E-006
        2405  9.535666628046238E-006
        2407  9.556388860311384E-006
        2409  9.575040561540333E-006
        2411  9.593209523622813E-006
        2413  9.609665985149191E-006
        2415  9.622637479300848E-006
        2417  9.631738274832075E-006
        2419  9.640431417585169E-006
        2421  9.644024412522862E-006
        2423  9.642215279218861E-006
        2425  9.635884529147987E-006
        2427  9.624496918708692E-006
        2429  9.609213921297660E-006
        2431  9.588365189212709E-006
        2433  9.562885840968993E-006
        2435  9.532743391627896E-006
        2437  9.493256100233617E-006
        2439  9.445512883426207E-006
        2441  9.388881070646951E-006
        2443  9.323364939341698E-006
        2445  9.248876282457383E-006
        2447  9.166765312017709E-006
        2449  9.077078484485851E-006
        2451  8.980545268222994E-006
        2453  8.878096260734391E-006
        2455  8.768532581125051E-006
        2457  8.653089905915852E-006
        2459  8.533275384756005E-006
        2461  8.408042037522832E-006
        2463  8.280182915851586E-006
        2465  8.155073024365799E-006
        2467  8.036700825308672E-006
        2469  7.939826736401787E-006
        2471  7.873628180554768E-006
        2473  7.835241994811732E-006
        2475  7.838001957195655E-006
        2477  7.867872240825880E-006
        2479  7.905442028541203E-006
        2481  7.943354445548487E-006
        2483  7.977824193408038E-006
        2485  8.008433996415288E-006
        2487  8.037360883214672E-006
        2489  8.064676493323242E-006
        2491  8.085614275386458E-006
        2493  8.100394435571819E-006
        2495  8.110398891345373E-006
        2497  8.117650386872487E-006
        2499  8.122656911065761E-006
        2501  8.127201674580399E-006
        2503  8.134178107585850E-006
        2505  8.144079123591500E-006
        2507  8.157641220757920E-006
        2509  8.173527653070569E-006
        2511  8.189416486448274E-006
        2513  8.201955694604922E-006
        2515  8.207111408837198E-006
        2517  8.205733676471253E-006
        2519  8.196428735563277E-006
        2521  8.180219886677420E-006
        2523  8.160348834405499E-006
        2525  8.137179904778561E-006
        2527  8.112064715990694E-006
        2529  8.086301459168279E-006
        2531  8.067457750167960E-006
        2533  8.060061977091630E-006
        2535  8.061734811442248E-006
        2537  8.070321275203272E-006
        2539  8.083128011353146E-006
        2541  8.101227672173253E-006
        2543  8.122652483206387E-006
        2545  8.141963117474211E-006
        2547  8.156384521217509E-006
        2549  8.161052360621779E-006
        2551  8.155716878188707E-006
        2553  8.141702008922983E-006
        2555  8.118463882409713E-006
        2557  8.087320858061287E-006
        2559  8.046216415164645E-006
        2561  7.998103973782553E-006
        2563  7.942732971014678E-006
        2565  7.883739773460772E-006
        2567  7.820821604517571E-006
        2569  7.754405413384864E-006
        2571  7.683744504661809E-006
        2573  7.613260189596447E-006
        2575  7.549004591561971E-006
        2577  7.497823929625189E-006
        2579  7.463944806231475E-006
        2581  7.448857899073555E-006
        2583  7.450851793935491E-006
        2585  7.460505360427339E-006
        2587  7.471159384032284E-006
        2589  7.479997174127763E-006
        2591  7.484726569918406E-006
        2593  7.486477021778072E-006
        2595  7.485740090500578E-006
        2597  7.482013522394780E-006
        2599  7.476700300884822E-006
        2601  7.467444660550774E-006
        2603  7.450415775692782E-006
        2605  7.427403449873154E-006
        2607  7.398071862895970E-006
        2609  7.360995674590593E-006
        2611  7.318262785474686E-006
        2613  7.270776786338996E-006
        2615  7.217968519885643E-006
        2617  7.159985167604057E-006
        2619  7.104158580444557E-006
        2621  7.050035347624703E-006
        2623  6.996418968690958E-006
        2625  6.944348730225366E-006
        2627  6.896061340475023E-006
        2629  6.858244360604359E-006
        2631  6.827288131013441E-006
        2633  6.806204683517832E-006
        2635  6.804019925432220E-006
        2637  6.813738451971052E-006
        2639  6.831521408014758E-006
        2641  6.860886856592040E-006
        2643  6.915447086067605E-006
        2645  6.983343430025172E-006
        2647  7.049758528583434E-006
        2649  7.113944061870630E-006
        2651  7.174589357427143E-006
        2653  7.228854293336417E-006
        2655  7.276690045133605E-006
        2657  7.317597189663279E-006
        2659  7.352939881870994E-006
        2661  7.380437046639779E-006
        2663  7.398129616640262E-006
        2665  7.406457801269839E-006
        2667  7.405828399925673E-006
        2669  7.396677093766504E-006
        2671  7.379365856967369E-006
        2673  7.353049746186938E-006
        2675  7.317967431712472E-006
        2677  7.272533400321456E-006
        2679  7.217084351690886E-006
        2681  7.150627184928030E-006
        2683  7.073511262012139E-006
        2685  6.985572190637242E-006
        2687  6.890528212879045E-006
        2689  6.788662352513812E-006
        2691  6.680085621545226E-006
        2693  6.565994439144125E-006
        2695  6.449633190268931E-006
        2697  6.334983034395972E-006
        2699  6.221255179062968E-006
        2701  6.112447576194148E-006
        2703  6.009092742600944E-006
        2705  5.913469401072041E-006
        2707  5.829332766330127E-006
        2709  5.757728479430674E-006
        2711  5.699246049066387E-006
        2713  5.653847336094354E-006
        2715  5.618517095287953E-006
        2717  5.590200766366085E-006
        2719  5.568789186867556E-006
        2721  5.552650356549069E-006
        2723  5.542382326716272E-006
        2725  5.538211039902154E-006
        2727  5.540548928970874E-006
        2729  5.548165830135859E-006
        2731  5.562536964230911E-006
        2733  5.582920678293342E-006
        2735  5.605112124096675E-006
        2737  5.631573447047795E-006
        2739  5.663031944635085E-006
        2741  5.694559156302002E-006
        2743  5.723497769112988E-006
        2745  5.748414786563092E-006
        2747  5.769252846911179E-006
        2749  5.784771807155322E-006
        2751  5.796357004817954E-006
        2753  5.804486922298410E-006
        2755  5.811503799556375E-006
        2757  5.814545859072772E-006
        2759  5.813008893784923E-006
        2761  5.812367866770346E-006
        2763  5.814975636868998E-006
        2765  5.816813435066884E-006
        2767  5.815297287609512E-006
        2769  5.810733592753882E-006
        2771  5.805599951184702E-006
        2773  5.798255152221344E-006
        2775  5.790324850704429E-006
        2777  5.781656311423394E-006
        2779  5.770138964124662E-006
        2781  5.755429137619484E-006
        2783  5.738319472422847E-006
        2785  5.717585082135443E-006
        2787  5.693290983052381E-006
        2789  5.666381542255949E-006
        2791  5.637381025559827E-006
        2793  5.607214742964968E-006
        2795  5.576216546126967E-006
        2797  5.543741828231690E-006
        2799  5.512707303021887E-006
        2801  5.483299778619904E-006
        2803  5.455521827326635E-006
        2805  5.430987112799156E-006
        2807  5.410452354077519E-006
        2809  5.393708002818961E-006
        2811  5.380358057111473E-006
        2813  5.365437651177538E-006
        2815  5.346934214166502E-006
        2817  5.325383235083069E-006
        2819  5.301307358696912E-006
        2821  5.273609144979203E-006
        2823  5.246148188190257E-006
        2825  5.217813111375589E-006
        2827  5.187515053466798E-006
        2829  5.152816455344665E-006
        2831  5.114225443767992E-006
        2833  5.070309903889528E-006
        2835  5.022332675828945E-006
        2837  4.971202858343171E-006
        2839  4.917736169358225E-006
        2841  4.862092157129199E-006
        2843  4.806409189321388E-006
        2845  4.748301921266092E-006
        2847  4.689566402653515E-006
        2849  4.632001022313619E-006
        2851  4.572889922962071E-006
        2853  4.512870218612151E-006
        2855  4.456310711437476E-006
        2857  4.408295682716860E-006
        2859  4.369105750781648E-006
        2861  4.333704551859279E-006
        2863  4.301002847464345E-006
        2865  4.272810611022593E-006
        2867  4.245926061216336E-006
        2869  4.218464414288122E-006
        2871  4.195886825928441E-006
        2873  4.180771879813009E-006
        2875  4.171029471891468E-006
        2877  4.166015891952701E-006
        2879  4.164409624382791E-006
        2881  4.164592966594981E-006
        2883  4.166858501397219E-006
        2885  4.172566685962347E-006
        2887  4.179421687523325E-006
        2889  4.187940595082267E-006
        2891  4.198976182920202E-006
        2893  4.214178021434840E-006
        2895  4.227885018065781E-006
        2897  4.242541568386656E-006
        2899  4.258743787751224E-006
        2901  4.273190813535898E-006
        2903  4.285637591650046E-006
        2905  4.296017923466577E-006
        2907  4.306241207000606E-006
        2909  4.313989783232618E-006
        2911  4.320942628399391E-006
        2913  4.325112028999847E-006
        2915  4.327438244140210E-006
        2917  4.325447404759863E-006
        2919  4.321121477751793E-006
        2921  4.315358287221349E-006
        2923  4.309279421992429E-006
        2925  4.302601657934314E-006
        2927  4.295559530257336E-006
        2929  4.287511008621610E-006
        2931  4.280424928150850E-006
        2933  4.274124466338962E-006
        2935  4.269644393918515E-006
        2937  4.265577438534262E-006
        2939  4.260502507058816E-006
        2941  4.255296903950886E-006
        2943  4.249705318742736E-006
        2945  4.243015647403386E-006
        2947  4.237223765660558E-006
        2949  4.232113735294582E-006
        2951  4.226780679853781E-006
        2953  4.221853645429973E-006
        2955  4.216475880371596E-006
        2957  4.210669500161663E-006
        2959  4.205665437972529E-006
        2961  4.201289034612978E-006
        2963  4.196766914441233E-006
        2965  4.190653499570757E-006
        2967  4.181863908992118E-006
        2969  4.171352361462600E-006
        2971  4.158702605403517E-006
        2973  4.143908790574601E-006
        2975  4.127033689619054E-006
        2977  4.106558730604099E-006
        2979  4.083526477123120E-006
        2981  4.057497406524817E-006
        2983  4.028771298500508E-006
        2985  3.998040019829872E-006
        2987  3.965657405265660E-006
        2989  3.931102417061463E-006
        2991  3.894483657130679E-006
        2993  3.857857146101202E-006
        2995  3.822532098810573E-006
        2997  3.788116067409303E-006
        2999  3.757430553883535E-006
        3001  3.730217242573264E-006
        3003  3.706349446240262E-006
        3005  3.687655342995319E-006
        3007  3.676205734227699E-006
        3009  3.671057699994725E-006
        3011  3.672483486378669E-006
        3013  3.679057668398283E-006
        3015  3.688442497509576E-006
        3017  3.699039473941482E-006
        3019  3.711429138018549E-006
        3021  3.725849450813306E-006
        3023  3.742845343071885E-006
        3025  3.764339833613515E-006
        3027  3.793167398923701E-006
        3029  3.831858635717460E-006
        3031  3.868401015530771E-006
        3033  3.901435154691832E-006
        3035  3.931721332015320E-006
        3037  3.958900898280474E-006
        3039  3.981923332798694E-006
        3041  4.000908512961252E-006
        3043  4.015105856687133E-006
        3045  4.023585173182424E-006
        3047  4.027555185576723E-006
        3049  4.025125136785590E-006
        3051  4.017062606336616E-006
        3053  4.003539473114823E-006
        3055  3.984377106236629E-006
        3057  3.959622852110492E-006
        3059  3.929003878770822E-006
        3061  3.892736767505808E-006
        3063  3.852243164673086E-006
        3065  3.807808168229433E-006
        3067  3.760195716889458E-006
        3069  3.709681807218796E-006
        3071  3.655872580894521E-006
        3073  3.599384078979785E-006
        3075  3.540671954036331E-006
        3077  3.479969967805491E-006
        3079  3.418631669486351E-006
        3081  3.358784196969097E-006
        3083  3.300206454642081E-006
        3085  3.244399398021451E-006
        3087  3.192904602131340E-006
        3089  3.145868698905311E-006
        3091  3.103151840237533E-006
        3093  3.066067716843657E-006
        3095  3.032953114406112E-006
        3097  3.003844588041112E-006
        3099  2.978777406855794E-006
        3101  2.957009550069506E-006
        3103  2.937688193161724E-006
        3105  2.921288876283335E-006
        3107  2.906563454963538E-006
        3109  2.893694174222683E-006
        3111  2.883034068551177E-006
        3113  2.875921151001072E-006
        3115  2.871163807921587E-006
        3117  2.868715911213390E-006
        3119  2.866876460684029E-006
        3121  2.866911251743480E-006
        3123  2.868680441616543E-006
        3125  2.870534094435240E-006
        3127  2.872254027202291E-006
        3129  2.874309422897220E-006
        3131  2.875212973168912E-006
        3133  2.875095551937638E-006
        3135  2.875125727564834E-006
        3137  2.875266372100377E-006
        3139  2.875088502058277E-006
        3141  2.874821665580183E-006
        3143  2.873125051191224E-006
        3145  2.870134763631285E-006
        3147  2.864610593057668E-006
        3149  2.857023077211987E-006
        3151  2.847470647686812E-006
        3153  2.836972665664442E-006
        3155  2.824264194265119E-006
        3157  2.809684724932914E-006
        3159  2.793927605990100E-006
        3161  2.777700025637899E-006
        3163  2.760907930432405E-006
        3165  2.743863612878819E-006
        3167  2.725885921107095E-006
        3169  2.706814440186195E-006
        3171  2.687265978141664E-006
        3173  2.666901541900420E-006
        3175  2.646943744170035E-006
        3177  2.628541496834422E-006
        3179  2.612955171505677E-006
        3181  2.601141434773554E-006
        3183  2.591793964055827E-006
        3185  2.585187595762382E-006
        3187  2.581003582157663E-006
        3189  2.577931873479766E-006
        3191  2.575508270388142E-006
        3193  2.573980482178458E-006
        3195  2.573163706630150E-006
        3197  2.571049809124369E-006
        3199  2.568136668868093E-006
        3201  2.564257433401822E-006
        3203  2.559866746867638E-006
        3205  2.553716295608572E-006
        3207  2.546686317025527E-006
        3209  2.538396007532473E-006
        3211  2.528605045352262E-006
        3213  2.518022157353350E-006
        3215  2.506129401719612E-006
        3217  2.492642638027808E-006
        3219  2.477840068836672E-006
        3221  2.460853749548274E-006
        3223  2.441520488263064E-006
        3225  2.420033168003573E-006
        3227  2.397343081194478E-006
        3229  2.373104459805365E-006
        3231  2.347283837508900E-006
        3233  2.320239739682204E-006
        3235  2.292596609675163E-006
        3237  2.265076648448762E-006
        3239  2.237836820633526E-006
        3241  2.210973684667097E-006
        3243  2.184863064663284E-006
        3245  2.159434449534107E-006
        3247  2.134441102168606E-006
        3249  2.109780842624056E-006
        3251  2.086774568660284E-006
        3253  2.064874185230475E-006
        3255  2.044022432413102E-006
        3257  2.023764373790711E-006
        3259  2.004327876927392E-006
        3261  1.985207020406695E-006
        3263  1.966409046063797E-006
        3265  1.947666683453777E-006
        3267  1.929791080226827E-006
        3269  1.912439348120844E-006
        3271  1.895186364124469E-006
        3273  1.879207987233407E-006
        3275  1.864121649762640E-006
        3277  1.849441744231004E-006
        3279  1.836741984984341E-006
        3281  1.824884308167056E-006
        3283  1.813907854355927E-006
        3285  1.804099547907457E-006
        3287  1.795469712779059E-006
        3289  1.788414496769197E-006
        3291  1.783167958074249E-006
        3293  1.780644192751798E-006
        3295  1.780779827155131E-006
        3297  1.783757319332598E-006
        3299  1.788659498019403E-006
        3301  1.794952530313536E-006
        3303  1.802586483193040E-006
        3305  1.810757545379742E-006
        3307  1.819573322966750E-006
        3309  1.827795709405608E-006
        3311  1.834798385049813E-006
        3313  1.840884564768583E-006
        3315  1.845625225766578E-006
        3317  1.848964590532146E-006
        3319  1.850769838348568E-006
        3321  1.851055586257597E-006
        3323  1.850074886501513E-006
        3325  1.847300439277730E-006
        3327  1.842948047172961E-006
        3329  1.836462635819564E-006
        3331  1.828249078786869E-006
        3333  1.819077910194304E-006
        3335  1.809688567010917E-006
        3337  1.799875505348848E-006
        3339  1.790208061292634E-006
        3341  1.781338278746615E-006
        3343  1.772484000882197E-006
        3345  1.763686381065537E-006
        3347  1.754618086823869E-006
        3349  1.745138919488801E-006
        3351  1.734557246162186E-006
        3353  1.723409336999356E-006
        3355  1.711745222338514E-006
        3357  1.698411263395259E-006
        3359  1.684423940991683E-006
        3361  1.670543780906088E-006
        3363  1.656215855659408E-006
        3365  1.641058586118917E-006
        3367  1.624933799410015E-006
        3369  1.607873569159973E-006
        3371  1.589937126190724E-006
        3373  1.571176629868883E-006
        3375  1.551792400320835E-006
        3377  1.533036686502371E-006
        3379  1.516217356255027E-006
        3381  1.503067106927755E-006
        3383  1.494557957555513E-006
        3385  1.492982006284608E-006
        3387  1.500590257994655E-006
        3389  1.512286411095918E-006
        3391  1.524109157309199E-006
        3393  1.536029920220982E-006
        3395  1.548361589129028E-006
        3397  1.560768331167583E-006
        3399  1.572990990722957E-006
        3401  1.584671933945036E-006
        3403  1.596144979065031E-006
        3405  1.607625954037257E-006
        3407  1.618110960391012E-006
        3409  1.627501748472747E-006
        3411  1.635750008340491E-006
        3413  1.642329523227514E-006
        3415  1.647539309203505E-006
        3417  1.651370905836748E-006
        3419  1.653946660553089E-006
        3421  1.655688337675675E-006
        3423  1.656183777528558E-006
        3425  1.655214465525325E-006
        3427  1.652180797677334E-006
        3429  1.647561748232140E-006
        3431  1.642110425357641E-006
        3433  1.635565478848732E-006
        3435  1.626867826334153E-006
        3437  1.616893764329698E-006
        3439  1.605706574639981E-006
        3441  1.594200272464139E-006
        3443  1.581447785567698E-006
        3445  1.567910000351129E-006
        3447  1.553538176458858E-006
        3449  1.538215676745176E-006
        3451  1.522336042595300E-006
        3453  1.506430739212235E-006
        3455  1.490873749147605E-006
        3457  1.475834308812758E-006
        3459  1.461444704099348E-006
        3461  1.447643175988215E-006
        3463  1.434531303456638E-006
        3465  1.422650445644868E-006
        3467  1.411867486043121E-006
        3469  1.402027665549064E-006
        3471  1.393522390723743E-006
        3473  1.386229278835793E-006
        3475  1.380446914518589E-006
        3477  1.376080828905969E-006
        3479  1.373193792156406E-006
        3481  1.371267547612782E-006
        3483  1.370012557537908E-006
        3485  1.369549962624158E-006
        3487  1.370312083137838E-006
        3489  1.372202589818401E-006
        3491  1.375145143154549E-006
        3493  1.379529925679751E-006
        3495  1.384673983607600E-006
        3497  1.391096356836260E-006
        3499  1.398300039103543E-006
        3501  1.406000344691565E-006
        3503  1.414723385654472E-006
        3505  1.424036132359073E-006
        3507  1.433847755414716E-006
        3509  1.444184295836450E-006
        3511  1.454977591645308E-006
        3513  1.466407990577907E-006
        3515  1.477978078540930E-006
        3517  1.488910545318751E-006
        3519  1.498837548914561E-006
        3521  1.507973568338305E-006
        3523  1.515951562815020E-006
        3525  1.522408392656505E-006
        3527  1.527405647628933E-006
        3529  1.530447179016899E-006
        3531  1.531338438699368E-006
        3533  1.530380101150464E-006
        3535  1.527645148513739E-006
        3537  1.522883784928148E-006
        3539  1.516200159677825E-006
        3541  1.507804196300715E-006
        3543  1.498104049772965E-006
        3545  1.487846154896421E-006
        3547  1.478874042799450E-006
        3549  1.471197485101307E-006
        3551  1.465787263517657E-006
        3553  1.465777871109079E-006
        3555  1.467955798813036E-006
        3557  1.470801403695740E-006
        3559  1.474089360794244E-006
        3561  1.478129550580384E-006
        3563  1.482636972541907E-006
        3565  1.487189674146903E-006
        3567  1.491983462173114E-006
        3569  1.497048174338541E-006
        3571  1.502334217478359E-006
        3573  1.507575252915403E-006
        3575  1.512651549671355E-006
        3577  1.517414311361459E-006
        3579  1.521845969159658E-006
        3581  1.525911871678362E-006
        3583  1.529246349847909E-006
        3585  1.531645972747927E-006
        3587  1.532618404465770E-006
        3589  1.532235693544211E-006
        3591  1.530533551199515E-006
        3593  1.527192297969619E-006
        3595  1.522022417368074E-006
        3597  1.515266462123993E-006
        3599  1.506737154876893E-006
        3601  1.496687046418500E-006
        3603  1.485397206957286E-006
        3605  1.472807715536678E-006
        3607  1.459126411329690E-006
        3609  1.444588247007230E-006
        3611  1.429358278822107E-006
        3613  1.413669089238351E-006
        3615  1.397769963326779E-006
        3617  1.382150927611813E-006
        3619  1.367104802056585E-006
        3621  1.352495855087233E-006
        3623  1.338869300865877E-006
        3625  1.326876884554231E-006
        3627  1.316518208300194E-006
        3629  1.306821361313270E-006
        3631  1.297487520531503E-006
        3633  1.288370929887398E-006
        3635  1.279306787672231E-006
        3637  1.270182152648041E-006
        3639  1.261226448042534E-006
        3641  1.252632818491981E-006
        3643  1.244084147244315E-006
        3645  1.235865992693927E-006
        3647  1.228286634695111E-006
        3649  1.221850896210693E-006
        3651  1.215722863914536E-006
        3653  1.209768492992716E-006
        3655  1.203857348421887E-006
        3657  1.197919541870415E-006
        3659  1.191660827707757E-006
        3661  1.185416447433962E-006
        3663  1.178803419745791E-006
        3665  1.171643472773144E-006
        3667  1.164237083818733E-006
        3669  1.156669077519682E-006
        3671  1.148984877766862E-006
        3673  1.141324914461830E-006
        3675  1.133644010805813E-006
        3677  1.126165217241696E-006
        3679  1.118729262512729E-006
        3681  1.111364274032258E-006
        3683  1.104296755837352E-006
        3685  1.097757383579399E-006
        3687  1.091336763298297E-006
        3689  1.085185600173084E-006
        3691  1.079546320425959E-006
        3693  1.074173596125170E-006
        3695  1.069273538902130E-006
        3697  1.064600735454522E-006
        3699  1.059918153312527E-006
        3701  1.055143449578964E-006
        3703  1.050457084634292E-006
        3705  1.045870515356497E-006
        3707  1.041161854134032E-006
        3709  1.036143310098117E-006
        3711  1.030967792829824E-006
        3713  1.025692990975965E-006
        3715  1.020330759774998E-006
        3717  1.014880939038564E-006
        3719  1.009421356689191E-006
        3721  1.004026246442916E-006
